1000.0
1090.909
1181.818
1272.727
1363.636
1454.545
1545.455
1636.364
1727.273
1818.182
1909.091
2000.0
2090.909
2181.818
2272.727
2363.636
2454.545
2545.455
2636.364
2727.273
2818.182
2909.091
3000.0
3090.909
3181.818
3272.727
3363.636
3454.545
3545.455
3636.364
3727.273
3818.182
3909.091
4000.0
4090.909
4181.818
4272.727
4363.636
4454.545
4545.455
4636.364
4727.273
4818.182
4909.091
5000.0
5090.909
5181.818
5272.727
5363.636
5454.545
5545.455
5636.364
5727.273
5818.182
5909.091
6000.0
6090.909
6181.818
6272.727
6363.636
6454.545
6545.455
6636.364
6727.273
6818.182
6909.091
7000.0
7090.909
7181.818
7272.727
7363.636
7454.545
7545.455
7636.364
7727.273
7818.182
7909.091
8000.0
8090.909
8181.818
8272.727
8363.636
8454.545
8545.455
8636.364
8727.273
8818.182
8909.091
9000.0
9090.909
9181.818
9272.727
9363.636
9454.545
9545.455
9636.364
9727.273
9818.182
9909.091
10000.0
10000.0
10909.091
11818.182
12727.273
13636.364
14545.455
15454.545
16363.636
17272.727
18181.818
19090.909
20000.0
20909.091
21818.182
22727.273
23636.364
24545.455
25454.545
26363.636
27272.727
28181.818
29090.909
30000.0
30909.091
31818.182
32727.273
33636.364
34545.455
35454.545
36363.636
37272.727
38181.818
39090.909
40000.0
40909.091
41818.182
42727.273
43636.364
44545.455
45454.545
46363.636
47272.727
48181.818
49090.909
50000.0
50909.091
51818.182
52727.273
53636.364
54545.455
55454.545
56363.636
57272.727
58181.818
59090.909
60000.0
60909.091
61818.182
62727.273
63636.364
64545.455
65454.545
66363.636
67272.727
68181.818
69090.909
70000.0
70909.091
71818.182
72727.273
73636.364
74545.455
75454.545
76363.636
77272.727
78181.818
79090.909
80000.0
80909.091
81818.182
82727.273
83636.364
84545.455
85454.545
86363.636
87272.727
88181.818
89090.909
90000.0
90909.091
91818.182
92727.273
93636.364
94545.455
95454.545
96363.636
97272.727
98181.818
99090.909
100000.0
