100.0
109.091
118.182
127.273
136.364
145.455
154.545
163.636
172.727
181.818
190.909
200.0
209.091
218.182
227.273
236.364
245.455
254.545
263.636
272.727
281.818
290.909
300.0
309.091
318.182
327.273
336.364
345.455
354.545
363.636
372.727
381.818
390.909
400.0
409.091
418.182
427.273
436.364
445.455
454.545
463.636
472.727
481.818
490.909
500.0
509.091
518.182
527.273
536.364
545.455
554.545
563.636
572.727
581.818
590.909
600.0
609.091
618.182
627.273
636.364
645.455
654.545
663.636
672.727
681.818
690.909
700.0
709.091
718.182
727.273
736.364
745.455
754.545
763.636
772.727
781.818
790.909
800.0
809.091
818.182
827.273
836.364
845.455
854.545
863.636
872.727
881.818
890.909
900.0
909.091
918.182
927.273
936.364
945.455
954.545
963.636
972.727
981.818
990.909
1000.0
1000.0
1090.909
1181.818
1272.727
1363.636
1454.545
1545.455
1636.364
1727.273
1818.182
1909.091
2000.0
2090.909
2181.818
2272.727
2363.636
2454.545
2545.455
2636.364
2727.273
2818.182
2909.091
3000.0
3090.909
3181.818
3272.727
3363.636
3454.545
3545.455
3636.364
3727.273
3818.182
3909.091
4000.0
4090.909
4181.818
4272.727
4363.636
4454.545
4545.455
4636.364
4727.273
4818.182
4909.091
5000.0
5090.909
5181.818
5272.727
5363.636
5454.545
5545.455
5636.364
5727.273
5818.182
5909.091
6000.0
6090.909
6181.818
6272.727
6363.636
6454.545
6545.455
6636.364
6727.273
6818.182
6909.091
7000.0
7090.909
7181.818
7272.727
7363.636
7454.545
7545.455
7636.364
7727.273
7818.182
7909.091
8000.0
8090.909
8181.818
8272.727
8363.636
8454.545
8545.455
8636.364
8727.273
8818.182
8909.091
9000.0
9090.909
9181.818
9272.727
9363.636
9454.545
9545.455
9636.364
9727.273
9818.182
9909.091
10000.0
10000.0
10909.091
11818.182
12727.273
13636.364
14545.455
15454.545
16363.636
17272.727
18181.818
19090.909
20000.0
20909.091
21818.182
22727.273
23636.364
24545.455
25454.545
26363.636
27272.727
28181.818
29090.909
30000.0
30909.091
31818.182
32727.273
33636.364
34545.455
35454.545
36363.636
37272.727
38181.818
39090.909
40000.0
40909.091
41818.182
42727.273
43636.364
44545.455
45454.545
46363.636
47272.727
48181.818
49090.909
50000.0
50909.091
51818.182
52727.273
53636.364
54545.455
55454.545
56363.636
57272.727
58181.818
59090.909
60000.0
60909.091
61818.182
62727.273
63636.364
64545.455
65454.545
66363.636
67272.727
68181.818
69090.909
70000.0
70909.091
71818.182
72727.273
73636.364
74545.455
75454.545
76363.636
77272.727
78181.818
79090.909
80000.0
80909.091
81818.182
82727.273
83636.364
84545.455
85454.545
86363.636
87272.727
88181.818
89090.909
90000.0
90909.091
91818.182
92727.273
93636.364
94545.455
95454.545
96363.636
97272.727
98181.818
99090.909
100000.0
100000.0
109090.909
118181.818
127272.727
136363.636
145454.545
154545.455
163636.364
172727.273
181818.182
190909.091
200000.0
209090.909
218181.818
227272.727
236363.636
245454.545
254545.455
263636.364
272727.273
281818.182
290909.091
300000.0
309090.909
318181.818
327272.727
336363.636
345454.545
354545.455
363636.364
372727.273
381818.182
390909.091
400000.0
409090.909
418181.818
427272.727
436363.636
445454.545
454545.455
463636.364
472727.273
481818.182
490909.091
500000.0
509090.909
518181.818
527272.727
536363.636
545454.545
554545.455
563636.364
572727.273
581818.182
590909.091
600000.0
609090.909
618181.818
627272.727
636363.636
645454.545
654545.455
663636.364
672727.273
681818.182
690909.091
700000.0
709090.909
718181.818
727272.727
736363.636
745454.545
754545.455
763636.364
772727.273
781818.182
790909.091
800000.0
809090.909
818181.818
827272.727
836363.636
845454.545
854545.455
863636.364
872727.273
881818.182
890909.091
900000.0
909090.909
918181.818
927272.727
936363.636
945454.545
954545.455
963636.364
972727.273
981818.182
990909.091
1000000.0
1000000.0
1090909.091
1181818.182
1272727.273
1363636.364
1454545.455
1545454.545
1636363.636
1727272.727
1818181.818
1909090.909
2000000.0
2090909.091
2181818.182
2272727.273
2363636.364
2454545.455
2545454.545
2636363.636
2727272.727
2818181.818
2909090.909
3000000.0
3090909.091
3181818.182
3272727.273
3363636.364
3454545.455
3545454.545
3636363.636
3727272.727
3818181.818
3909090.909
4000000.0
4090909.091
4181818.182
4272727.273
4363636.364
4454545.455
4545454.545
4636363.636
4727272.727
4818181.818
4909090.909
5000000.0
5090909.091
5181818.182
5272727.273
5363636.364
5454545.455
5545454.545
5636363.636
5727272.727
5818181.818
5909090.909
6000000.0
6090909.091
6181818.182
6272727.273
6363636.364
6454545.455
6545454.545
6636363.636
6727272.727
6818181.818
6909090.909
7000000.0
7090909.091
7181818.182
7272727.273
7363636.364
7454545.455
7545454.545
7636363.636
7727272.727
7818181.818
7909090.909
8000000.0
8090909.091
8181818.182
8272727.273
8363636.364
8454545.455
8545454.545
8636363.636
8727272.727
8818181.818
8909090.909
9000000.0
9090909.091
9181818.182
9272727.273
9363636.364
9454545.455
9545454.545
9636363.636
9727272.727
9818181.818
9909090.909
10000000.0
