1000	2.0246e-06
1090.9	2.1034e-06
1181.8	2.1717e-06
1272.7	2.0457e-06
1363.6	2.1073e-06
1454.5	2.1144e-06
1545.5	2.1474e-06
1636.4	1.9816e-06
1727.3	2.0896e-06
1818.2	2.1386e-06
1909.1	2.042e-06
2000	1.9922e-06
2090.9	2.1643e-06
2181.8	2.1352e-06
2272.7	2.0831e-06
2363.6	2.0252e-06
2454.5	2.0466e-06
2545.5	2.0513e-06
2636.4	2.0689e-06
2727.3	2.0219e-06
2818.2	2.0362e-06
2909.1	2.1067e-06
3000	2.0656e-06
3090.9	2.0511e-06
3181.8	2.0717e-06
3272.7	2.1212e-06
3363.6	2.0549e-06
3454.5	2.1264e-06
3545.5	2.0486e-06
3636.4	2.0034e-06
3727.3	2.0437e-06
3818.2	1.9904e-06
3909.1	1.9616e-06
4000	2.0978e-06
4090.9	2.0734e-06
4181.8	2.028e-06
4272.7	2.1075e-06
4363.6	2.041e-06
4454.5	2.0355e-06
4545.5	1.9351e-06
4636.4	1.9501e-06
4727.3	2.0306e-06
4818.2	2.2006e-06
4909.1	2.1295e-06
5000	2.0222e-06
5090.9	2.0289e-06
5181.8	2.0671e-06
5272.7	2.0649e-06
5363.6	1.9873e-06
5454.5	2.0393e-06
5545.5	2.0288e-06
5636.4	2.0632e-06
5727.3	2.0147e-06
5818.2	2.0379e-06
5909.1	1.9758e-06
6000	1.9902e-06
6090.9	1.9926e-06
6181.8	2.0529e-06
6272.7	2.009e-06
6363.6	2.1218e-06
6454.5	2.0247e-06
6545.5	2.1168e-06
6636.4	2.1741e-06
6727.3	2.1508e-06
6818.2	1.9889e-06
6909.1	2.0173e-06
7000	2.0837e-06
7090.9	2.0925e-06
7181.8	1.9094e-06
7272.7	2.0294e-06
7363.6	2.0125e-06
7454.5	1.9619e-06
7545.5	1.9469e-06
7636.4	2.0629e-06
7727.3	1.9196e-06
7818.2	1.9981e-06
7909.1	2.0168e-06
8000	1.9291e-06
8090.9	2.0402e-06
8181.8	2.0651e-06
8272.7	2.0215e-06
8363.6	1.9107e-06
8454.5	2.0145e-06
8545.5	1.9684e-06
8636.4	1.989e-06
8727.3	2.0103e-06
8818.2	2.0768e-06
8909.1	1.9854e-06
9000	2.1031e-06
9090.9	1.9781e-06
9181.8	2.0435e-06
9272.7	2.1143e-06
9363.6	1.9973e-06
9454.5	2.0188e-06
9545.5	2.1014e-06
9636.4	2.068e-06
9727.3	2.0104e-06
9818.2	2.0842e-06
9909.1	2.0392e-06
10000	1.9835e-06
10000	2.0552e-06
10909	2.0664e-06
11818	2.0335e-06
12727	2.0064e-06
13636	2.0768e-06
14545	2.028e-06
15455	2.0086e-06
16364	2.0633e-06
17273	2.1304e-06
18182	2.0794e-06
19091	2.1026e-06
20000	2.1288e-06
20909	2.0241e-06
21818	2.1177e-06
22727	2.021e-06
23636	1.9831e-06
24545	1.9973e-06
25455	2.0556e-06
26364	1.9599e-06
27273	2.0518e-06
28182	2.071e-06
29091	2.1168e-06
30000	2.1785e-06
30909	2.0598e-06
31818	2.009e-06
32727	2.0517e-06
33636	1.9627e-06
34545	1.9243e-06
35455	1.9742e-06
36364	2.013e-06
37273	2.0798e-06
38182	2.0546e-06
39091	2.0744e-06
40000	2.0454e-06
40909	2.0487e-06
41818	2.1033e-06
42727	2.0545e-06
43636	2.017e-06
44545	2.1191e-06
45455	2.0348e-06
46364	2.0652e-06
47273	2.1438e-06
48182	2.0229e-06
49091	2.0718e-06
50000	2.1139e-06
50909	1.9981e-06
51818	1.9835e-06
52727	2.0359e-06
53636	2.1167e-06
54545	2.054e-06
55455	2.1493e-06
56364	2.0046e-06
57273	2.0894e-06
58182	2.0728e-06
59091	1.9953e-06
60000	2.0255e-06
60909	1.9776e-06
61818	2.0969e-06
62727	2.1e-06
63636	2.0725e-06
64545	2.0842e-06
65455	2.1279e-06
66364	2.0913e-06
67273	2.1104e-06
68182	2.0793e-06
69091	2.0281e-06
70000	2.1126e-06
70909	2.0835e-06
71818	2.1997e-06
72727	2.1864e-06
73636	2.1163e-06
74545	2.1671e-06
75455	2.1655e-06
76364	2.1248e-06
77273	2.0524e-06
78182	2.081e-06
79091	2.0341e-06
80000	2.0942e-06
80909	2.0755e-06
81818	2.0921e-06
82727	2.0531e-06
83636	2.1249e-06
84545	2.2088e-06
85455	2.0665e-06
86364	2.0839e-06
87273	2.0977e-06
88182	2.0107e-06
89091	2.1578e-06
90000	2.1299e-06
90909	1.9651e-06
91818	2.092e-06
92727	2.0872e-06
93636	2.0124e-06
94545	2.0295e-06
95455	2.0418e-06
96364	2.1614e-06
97273	2.0839e-06
98182	2.1053e-06
99091	2.0631e-06
1e+05	2.0328e-06
