1000	6.6061e-06
1090.9	6.542e-06
1181.8	6.5155e-06
1272.7	6.8596e-06
1363.6	6.7051e-06
1454.5	6.5345e-06
1545.5	6.5942e-06
1636.4	6.8769e-06
1727.3	6.4242e-06
1818.2	6.5245e-06
1909.1	6.4782e-06
2000	6.9352e-06
2090.9	7.0031e-06
2181.8	6.8351e-06
2272.7	6.7808e-06
2363.6	6.6442e-06
2454.5	6.5049e-06
2545.5	6.4602e-06
2636.4	6.5724e-06
2727.3	6.8047e-06
2818.2	6.4133e-06
2909.1	6.2808e-06
3000	6.6724e-06
3090.9	7.0984e-06
3181.8	6.7392e-06
3272.7	6.7406e-06
3363.6	6.573e-06
3454.5	6.7808e-06
3545.5	6.5701e-06
3636.4	6.8742e-06
3727.3	6.9064e-06
3818.2	6.5789e-06
3909.1	6.5852e-06
4000	7.0319e-06
4090.9	6.8818e-06
4181.8	6.6452e-06
4272.7	6.6976e-06
4363.6	6.5631e-06
4454.5	6.6741e-06
4545.5	6.3708e-06
4636.4	6.0796e-06
4727.3	6.4413e-06
4818.2	7.0509e-06
4909.1	6.7243e-06
5000	6.553e-06
5090.9	6.5119e-06
5181.8	6.9102e-06
5272.7	6.3795e-06
5363.6	6.6841e-06
5454.5	6.8753e-06
5545.5	6.8179e-06
5636.4	6.8606e-06
5727.3	6.8503e-06
5818.2	6.5802e-06
5909.1	6.3732e-06
6000	6.5799e-06
6090.9	6.7531e-06
6181.8	6.8669e-06
6272.7	6.7967e-06
6363.6	6.4238e-06
6454.5	6.591e-06
6545.5	6.9003e-06
6636.4	6.5609e-06
6727.3	6.6736e-06
6818.2	6.8768e-06
6909.1	6.3398e-06
7000	6.7592e-06
7090.9	6.6431e-06
7181.8	6.6239e-06
7272.7	6.636e-06
7363.6	6.7433e-06
7454.5	6.5803e-06
7545.5	6.938e-06
7636.4	6.6027e-06
7727.3	6.4742e-06
7818.2	6.1944e-06
7909.1	6.6131e-06
8000	6.3767e-06
8090.9	6.6985e-06
8181.8	6.7042e-06
8272.7	6.7743e-06
8363.6	6.6575e-06
8454.5	6.9568e-06
8545.5	6.8026e-06
8636.4	7.0685e-06
8727.3	6.837e-06
8818.2	6.9098e-06
8909.1	6.7419e-06
9000	6.8866e-06
9090.9	6.4653e-06
9181.8	6.9982e-06
9272.7	6.9676e-06
9363.6	6.7152e-06
9454.5	6.696e-06
9545.5	6.7666e-06
9636.4	6.5688e-06
9727.3	6.7299e-06
9818.2	6.4171e-06
9909.1	6.5982e-06
10000	6.6006e-06
10000	6.7505e-06
10909	6.8138e-06
11818	6.8305e-06
12727	6.6445e-06
13636	6.7776e-06
14545	6.7975e-06
15455	7.0426e-06
16364	6.9861e-06
17273	6.735e-06
18182	6.4812e-06
19091	6.8163e-06
20000	6.6468e-06
20909	6.7046e-06
21818	6.9153e-06
22727	6.6303e-06
23636	6.5224e-06
24545	6.8892e-06
25455	6.9925e-06
26364	6.9069e-06
27273	6.9669e-06
28182	6.7252e-06
29091	6.5422e-06
30000	6.7216e-06
30909	6.8479e-06
31818	6.563e-06
32727	6.7051e-06
33636	6.7913e-06
34545	6.9631e-06
35455	6.8358e-06
36364	6.792e-06
37273	6.7843e-06
38182	6.7441e-06
39091	6.7299e-06
40000	6.7101e-06
40909	6.7703e-06
41818	6.7337e-06
42727	6.8115e-06
43636	6.4553e-06
44545	6.3915e-06
45455	6.4886e-06
46364	6.5549e-06
47273	7.0416e-06
48182	6.8644e-06
49091	6.8552e-06
50000	7.0893e-06
50909	7.1973e-06
51818	6.881e-06
52727	6.7931e-06
53636	6.9188e-06
54545	6.9354e-06
55455	6.7639e-06
56364	6.6075e-06
57273	6.5845e-06
58182	6.6979e-06
59091	6.905e-06
60000	6.7375e-06
60909	6.9769e-06
61818	7.2962e-06
62727	6.7088e-06
63636	6.5168e-06
64545	6.4265e-06
65455	6.5665e-06
66364	6.4767e-06
67273	7.0486e-06
68182	6.7115e-06
69091	6.7214e-06
70000	7.1907e-06
70909	6.9101e-06
71818	6.8593e-06
72727	7.2758e-06
73636	6.9393e-06
74545	6.7326e-06
75455	6.9584e-06
76364	6.7471e-06
77273	6.9285e-06
78182	7.1648e-06
79091	6.7792e-06
80000	6.9308e-06
80909	6.8456e-06
81818	6.7231e-06
82727	6.7544e-06
83636	6.3705e-06
84545	6.8376e-06
85455	6.517e-06
86364	6.5811e-06
87273	6.8546e-06
88182	7.0049e-06
89091	7.0595e-06
90000	6.8839e-06
90909	6.5507e-06
91818	7.1871e-06
92727	6.7178e-06
93636	6.6751e-06
94545	6.4901e-06
95455	6.6175e-06
96364	7.2071e-06
97273	6.8244e-06
98182	6.7239e-06
99091	6.8603e-06
1e+05	7.2643e-06
