1000	3.7431e-08
1090.9	3.8043e-08
1181.8	3.9657e-08
1272.7	3.5734e-08
1363.6	3.8993e-08
1454.5	3.6414e-08
1545.5	3.7381e-08
1636.4	3.868e-08
1727.3	3.9353e-08
1818.2	3.719e-08
1909.1	3.5808e-08
2000	3.6297e-08
2090.9	3.5173e-08
2181.8	3.5634e-08
2272.7	3.3718e-08
2363.6	3.4563e-08
2454.5	3.3726e-08
2545.5	3.2825e-08
2636.4	3.2285e-08
2727.3	3.2198e-08
2818.2	3.1532e-08
2909.1	3.3202e-08
3000	3.0333e-08
3090.9	2.9295e-08
3181.8	3.1138e-08
3272.7	2.9395e-08
3363.6	3.0825e-08
3454.5	3.0773e-08
3545.5	2.9648e-08
3636.4	2.8906e-08
3727.3	3.0559e-08
3818.2	2.9475e-08
3909.1	2.9472e-08
4000	2.8505e-08
4090.9	2.8662e-08
4181.8	2.8971e-08
4272.7	2.8278e-08
4363.6	2.7476e-08
4454.5	2.7648e-08
4545.5	2.868e-08
4636.4	2.6112e-08
4727.3	2.6378e-08
4818.2	2.5825e-08
4909.1	2.4795e-08
5000	2.5526e-08
5090.9	2.5803e-08
5181.8	2.5778e-08
5272.7	2.5018e-08
5363.6	2.4459e-08
5454.5	2.4218e-08
5545.5	2.4147e-08
5636.4	2.3735e-08
5727.3	2.5306e-08
5818.2	2.3936e-08
5909.1	2.3329e-08
6000	2.3607e-08
6090.9	2.2411e-08
6181.8	2.3776e-08
6272.7	2.3813e-08
6363.6	2.35e-08
6454.5	2.3707e-08
6545.5	2.3513e-08
6636.4	2.1811e-08
6727.3	2.2404e-08
6818.2	2.2723e-08
6909.1	2.2041e-08
7000	2.1432e-08
7090.9	2.1747e-08
7181.8	2.2487e-08
7272.7	2.15e-08
7363.6	2.1493e-08
7454.5	2.1144e-08
7545.5	2.2228e-08
7636.4	2.1435e-08
7727.3	2.086e-08
7818.2	2.0714e-08
7909.1	2.1462e-08
8000	2.1297e-08
8090.9	2.0812e-08
8181.8	1.9859e-08
8272.7	1.9943e-08
8363.6	2.0002e-08
8454.5	2.0188e-08
8545.5	1.9699e-08
8636.4	2.0557e-08
8727.3	1.9325e-08
8818.2	1.9258e-08
8909.1	1.9402e-08
9000	1.8426e-08
9090.9	1.9385e-08
9181.8	1.9784e-08
9272.7	2.0154e-08
9363.6	1.9915e-08
9454.5	1.9845e-08
9545.5	1.9715e-08
9636.4	1.912e-08
9727.3	1.8826e-08
9818.2	1.8668e-08
9909.1	1.9176e-08
10000	1.8833e-08
10000	1.8403e-08
10909	1.8226e-08
11818	1.759e-08
12727	1.6543e-08
13636	1.7321e-08
14545	1.6066e-08
15455	1.5349e-08
16364	1.482e-08
17273	1.5459e-08
18182	1.506e-08
19091	1.465e-08
20000	1.4366e-08
20909	1.4274e-08
21818	1.306e-08
22727	1.3747e-08
23636	1.3811e-08
24545	1.3952e-08
25455	1.3811e-08
26364	1.3382e-08
27273	1.3106e-08
28182	1.2826e-08
29091	1.2752e-08
30000	1.3239e-08
30909	1.2561e-08
31818	1.286e-08
32727	1.235e-08
33636	1.2248e-08
34545	1.1725e-08
35455	1.1533e-08
36364	1.2374e-08
37273	1.2995e-08
38182	1.2376e-08
39091	1.2591e-08
40000	1.2212e-08
40909	1.263e-08
41818	1.2273e-08
42727	1.1931e-08
43636	1.1387e-08
44545	1.1947e-08
45455	1.1567e-08
46364	1.1662e-08
47273	1.1675e-08
48182	1.2113e-08
49091	1.2333e-08
50000	1.1614e-08
50909	1.1276e-08
51818	1.1316e-08
52727	1.1697e-08
53636	1.1321e-08
54545	1.1265e-08
55455	1.0962e-08
56364	1.16e-08
57273	1.1615e-08
58182	1.1301e-08
59091	1.1748e-08
60000	1.1045e-08
60909	1.1844e-08
61818	1.1252e-08
62727	1.0525e-08
63636	1.1049e-08
64545	1.1665e-08
65455	1.1324e-08
66364	1.1316e-08
67273	1.0891e-08
68182	1.1322e-08
69091	1.1719e-08
70000	1.1641e-08
70909	1.1177e-08
71818	1.121e-08
72727	1.1625e-08
73636	1.1308e-08
74545	1.0904e-08
75455	1.0747e-08
76364	1.1753e-08
77273	1.1375e-08
78182	1.1531e-08
79091	1.051e-08
80000	1.1286e-08
80909	1.1828e-08
81818	1.1056e-08
82727	1.1046e-08
83636	1.0924e-08
84545	1.0581e-08
85455	1.1778e-08
86364	1.085e-08
87273	1.15e-08
88182	1.127e-08
89091	1.1291e-08
90000	1.1041e-08
90909	1.0817e-08
91818	1.0892e-08
92727	1.108e-08
93636	1.0784e-08
94545	1.1027e-08
95455	1.1223e-08
96364	1.065e-08
97273	1.148e-08
98182	1.1222e-08
99091	1.1291e-08
1e+05	1.1147e-08
