1000	3.1126e-06
1090.9	2.9955e-06
1181.8	2.9755e-06
1272.7	3.0606e-06
1363.6	3.032e-06
1454.5	2.8885e-06
1545.5	2.9055e-06
1636.4	3.1192e-06
1727.3	3.0478e-06
1818.2	3.1058e-06
1909.1	3.148e-06
2000	3.0329e-06
2090.9	3.0099e-06
2181.8	3.1284e-06
2272.7	3.0704e-06
2363.6	3.1835e-06
2454.5	3.173e-06
2545.5	3.0417e-06
2636.4	3.0341e-06
2727.3	3.199e-06
2818.2	3.0464e-06
2909.1	3.102e-06
3000	3.0985e-06
3090.9	3.0384e-06
3181.8	2.8585e-06
3272.7	3.0058e-06
3363.6	3.1147e-06
3454.5	3.0221e-06
3545.5	2.8968e-06
3636.4	3.0076e-06
3727.3	3.0767e-06
3818.2	3.1124e-06
3909.1	3.0677e-06
4000	3.227e-06
4090.9	3.1452e-06
4181.8	2.9398e-06
4272.7	3.0562e-06
4363.6	2.9836e-06
4454.5	3.1128e-06
4545.5	3.2371e-06
4636.4	3.1308e-06
4727.3	3.0925e-06
4818.2	3.1237e-06
4909.1	3.1538e-06
5000	3.2342e-06
5090.9	3.1042e-06
5181.8	3.0676e-06
5272.7	2.98e-06
5363.6	3.0312e-06
5454.5	3.1244e-06
5545.5	3.06e-06
5636.4	2.9738e-06
5727.3	2.931e-06
5818.2	3.0868e-06
5909.1	2.9663e-06
6000	3.0001e-06
6090.9	2.9299e-06
6181.8	3.0578e-06
6272.7	3.008e-06
6363.6	3.117e-06
6454.5	2.9539e-06
6545.5	2.9202e-06
6636.4	3.0781e-06
6727.3	2.9128e-06
6818.2	3.1082e-06
6909.1	3.0947e-06
7000	2.9623e-06
7090.9	2.9926e-06
7181.8	3.172e-06
7272.7	3.0041e-06
7363.6	2.929e-06
7454.5	3.1026e-06
7545.5	3.0249e-06
7636.4	2.9469e-06
7727.3	3.0738e-06
7818.2	2.8695e-06
7909.1	2.971e-06
8000	2.9894e-06
8090.9	3.0169e-06
8181.8	2.9794e-06
8272.7	3.0175e-06
8363.6	2.9373e-06
8454.5	3.0153e-06
8545.5	3.1679e-06
8636.4	2.9848e-06
8727.3	3.1411e-06
8818.2	3.0187e-06
8909.1	3.1447e-06
9000	3.2027e-06
9090.9	3.022e-06
9181.8	3.0161e-06
9272.7	3.0304e-06
9363.6	3.0338e-06
9454.5	3.0372e-06
9545.5	2.8501e-06
9636.4	3.0619e-06
9727.3	2.9317e-06
9818.2	3.1214e-06
9909.1	2.9163e-06
10000	2.9126e-06
10000	3.0142e-06
10909	3.0323e-06
11818	2.9086e-06
12727	2.9731e-06
13636	2.9507e-06
14545	2.9642e-06
15455	3.1398e-06
16364	2.9032e-06
17273	3.0866e-06
18182	3.187e-06
19091	3.0964e-06
20000	3.1517e-06
20909	3.1174e-06
21818	3.217e-06
22727	3.0697e-06
23636	3.1139e-06
24545	3.029e-06
25455	2.9773e-06
26364	2.8923e-06
27273	3.137e-06
28182	2.9898e-06
29091	2.9204e-06
30000	2.8559e-06
30909	3.1132e-06
31818	3.0861e-06
32727	2.9349e-06
33636	2.9766e-06
34545	3.0153e-06
35455	3.0086e-06
36364	2.9589e-06
37273	3.0397e-06
38182	3.0544e-06
39091	2.7908e-06
40000	2.9123e-06
40909	3.1228e-06
41818	3.0724e-06
42727	3.1168e-06
43636	3.0425e-06
44545	2.9286e-06
45455	3.0822e-06
46364	2.9487e-06
47273	3.1007e-06
48182	3.098e-06
49091	3.0172e-06
50000	3.1249e-06
50909	3.1714e-06
51818	2.9159e-06
52727	2.9131e-06
53636	3.0766e-06
54545	3.2262e-06
55455	3.3216e-06
56364	3.1543e-06
57273	3.1518e-06
58182	3.1658e-06
59091	3.0054e-06
60000	3.0528e-06
60909	3.0888e-06
61818	3.1137e-06
62727	2.9871e-06
63636	3.1196e-06
64545	3.0419e-06
65455	3.0676e-06
66364	3.1432e-06
67273	3.0735e-06
68182	3.0521e-06
69091	3.1842e-06
70000	3.2124e-06
70909	3.1314e-06
71818	3.128e-06
72727	3.1789e-06
73636	2.9984e-06
74545	2.9928e-06
75455	2.8858e-06
76364	3.0846e-06
77273	3.1506e-06
78182	2.9906e-06
79091	3.1535e-06
80000	3.0858e-06
80909	3.1477e-06
81818	2.9213e-06
82727	2.9875e-06
83636	3.1511e-06
84545	3.2319e-06
85455	3.0874e-06
86364	2.9652e-06
87273	2.9834e-06
88182	3.1667e-06
89091	3.0158e-06
90000	2.8749e-06
90909	2.9913e-06
91818	2.9646e-06
92727	2.9602e-06
93636	3.1157e-06
94545	3.1464e-06
95455	2.9094e-06
96364	3.007e-06
97273	3.0467e-06
98182	2.9982e-06
99091	3.0566e-06
1e+05	3.0129e-06
