1000	2.3176e-06
1090.9	2.3104e-06
1181.8	2.3547e-06
1272.7	2.2646e-06
1363.6	2.4113e-06
1454.5	2.4079e-06
1545.5	2.3573e-06
1636.4	2.3174e-06
1727.3	2.3087e-06
1818.2	2.4831e-06
1909.1	2.3926e-06
2000	2.4515e-06
2090.9	2.4069e-06
2181.8	2.3744e-06
2272.7	2.4206e-06
2363.6	2.3897e-06
2454.5	2.5177e-06
2545.5	2.4213e-06
2636.4	2.3845e-06
2727.3	2.323e-06
2818.2	2.3716e-06
2909.1	2.2714e-06
3000	2.2839e-06
3090.9	2.3497e-06
3181.8	2.403e-06
3272.7	2.4018e-06
3363.6	2.23e-06
3454.5	2.4516e-06
3545.5	2.3326e-06
3636.4	2.352e-06
3727.3	2.3799e-06
3818.2	2.3035e-06
3909.1	2.3529e-06
4000	2.2833e-06
4090.9	2.4112e-06
4181.8	2.4164e-06
4272.7	2.5478e-06
4363.6	2.4388e-06
4454.5	2.3044e-06
4545.5	2.2774e-06
4636.4	2.405e-06
4727.3	2.4726e-06
4818.2	2.5317e-06
4909.1	2.3804e-06
5000	2.4107e-06
5090.9	2.3763e-06
5181.8	2.3975e-06
5272.7	2.3563e-06
5363.6	2.3951e-06
5454.5	2.3342e-06
5545.5	2.3355e-06
5636.4	2.4019e-06
5727.3	2.3783e-06
5818.2	2.4299e-06
5909.1	2.2977e-06
6000	2.3715e-06
6090.9	2.3757e-06
6181.8	2.519e-06
6272.7	2.3985e-06
6363.6	2.3426e-06
6454.5	2.3008e-06
6545.5	2.3121e-06
6636.4	2.1788e-06
6727.3	2.2794e-06
6818.2	2.2458e-06
6909.1	2.3868e-06
7000	2.3085e-06
7090.9	2.395e-06
7181.8	2.4323e-06
7272.7	2.3255e-06
7363.6	2.3627e-06
7454.5	2.219e-06
7545.5	2.39e-06
7636.4	2.3187e-06
7727.3	2.3675e-06
7818.2	2.2366e-06
7909.1	2.2647e-06
8000	2.4075e-06
8090.9	2.3877e-06
8181.8	2.3165e-06
8272.7	2.4264e-06
8363.6	2.3469e-06
8454.5	2.4201e-06
8545.5	2.3828e-06
8636.4	2.3727e-06
8727.3	2.3677e-06
8818.2	2.3778e-06
8909.1	2.3651e-06
9000	2.3396e-06
9090.9	2.3444e-06
9181.8	2.429e-06
9272.7	2.4796e-06
9363.6	2.3494e-06
9454.5	2.374e-06
9545.5	2.3338e-06
9636.4	2.3536e-06
9727.3	2.3964e-06
9818.2	2.4924e-06
9909.1	2.2881e-06
10000	2.2931e-06
10000	2.3363e-06
10909	2.3844e-06
11818	2.2605e-06
12727	2.3257e-06
13636	2.253e-06
14545	2.3806e-06
15455	2.3622e-06
16364	2.4673e-06
17273	2.3903e-06
18182	2.3334e-06
19091	2.2404e-06
20000	2.4225e-06
20909	2.3488e-06
21818	2.3366e-06
22727	2.3458e-06
23636	2.2758e-06
24545	2.3733e-06
25455	2.288e-06
26364	2.3063e-06
27273	2.2871e-06
28182	2.3867e-06
29091	2.3177e-06
30000	2.242e-06
30909	2.3447e-06
31818	2.3565e-06
32727	2.4947e-06
33636	2.4108e-06
34545	2.3463e-06
35455	2.2924e-06
36364	2.2404e-06
37273	2.3668e-06
38182	2.3218e-06
39091	2.3362e-06
40000	2.3463e-06
40909	2.323e-06
41818	2.3587e-06
42727	2.334e-06
43636	2.3914e-06
44545	2.4166e-06
45455	2.4154e-06
46364	2.4025e-06
47273	2.3636e-06
48182	2.4854e-06
49091	2.4393e-06
50000	2.4641e-06
50909	2.4209e-06
51818	2.447e-06
52727	2.3138e-06
53636	2.4671e-06
54545	2.3861e-06
55455	2.3445e-06
56364	2.468e-06
57273	2.4237e-06
58182	2.4524e-06
59091	2.3013e-06
60000	2.4629e-06
60909	2.393e-06
61818	2.4352e-06
62727	2.5112e-06
63636	2.3195e-06
64545	2.396e-06
65455	2.415e-06
66364	2.3487e-06
67273	2.4148e-06
68182	2.4271e-06
69091	2.3291e-06
70000	2.4431e-06
70909	2.3184e-06
71818	2.4324e-06
72727	2.4214e-06
73636	2.4335e-06
74545	2.3062e-06
75455	2.3295e-06
76364	2.3075e-06
77273	2.3315e-06
78182	2.3557e-06
79091	2.3565e-06
80000	2.4415e-06
80909	2.2671e-06
81818	2.4068e-06
82727	2.4638e-06
83636	2.4293e-06
84545	2.4401e-06
85455	2.3926e-06
86364	2.4729e-06
87273	2.4573e-06
88182	2.5148e-06
89091	2.2976e-06
90000	2.2939e-06
90909	2.4539e-06
91818	2.542e-06
92727	2.4601e-06
93636	2.3935e-06
94545	2.3934e-06
95455	2.4062e-06
96364	2.407e-06
97273	2.2994e-06
98182	2.4276e-06
99091	2.3317e-06
1e+05	2.4625e-06
