1000	4.843e-06
1090.9	5.2632e-06
1181.8	5.1062e-06
1272.7	4.7736e-06
1363.6	5.3061e-06
1454.5	5.176e-06
1545.5	4.9398e-06
1636.4	5.2874e-06
1727.3	4.955e-06
1818.2	5.0089e-06
1909.1	4.6763e-06
2000	5.1621e-06
2090.9	5.2249e-06
2181.8	5.0694e-06
2272.7	4.9391e-06
2363.6	5.105e-06
2454.5	5.116e-06
2545.5	5.013e-06
2636.4	5.1085e-06
2727.3	4.9152e-06
2818.2	5.0693e-06
2909.1	4.7581e-06
3000	4.9432e-06
3090.9	5.1305e-06
3181.8	5.1012e-06
3272.7	5.1696e-06
3363.6	5.1363e-06
3454.5	5.0884e-06
3545.5	5.0079e-06
3636.4	5.1269e-06
3727.3	4.9066e-06
3818.2	5.1762e-06
3909.1	5.1735e-06
4000	5.2291e-06
4090.9	4.8601e-06
4181.8	5.0537e-06
4272.7	4.9288e-06
4363.6	5.4966e-06
4454.5	5.0309e-06
4545.5	4.9653e-06
4636.4	4.7322e-06
4727.3	4.8505e-06
4818.2	5.4205e-06
4909.1	5.1602e-06
5000	4.8684e-06
5090.9	4.8413e-06
5181.8	5.0717e-06
5272.7	5.303e-06
5363.6	4.9566e-06
5454.5	5.0937e-06
5545.5	5.0801e-06
5636.4	5.1656e-06
5727.3	5.1119e-06
5818.2	5.0488e-06
5909.1	4.7787e-06
6000	5.1635e-06
6090.9	5.0373e-06
6181.8	5.163e-06
6272.7	5.2701e-06
6363.6	4.9969e-06
6454.5	4.8154e-06
6545.5	5.1016e-06
6636.4	5.3468e-06
6727.3	5.3032e-06
6818.2	5.082e-06
6909.1	4.846e-06
7000	5.0011e-06
7090.9	4.9974e-06
7181.8	5.0181e-06
7272.7	5.1791e-06
7363.6	4.9641e-06
7454.5	5.0911e-06
7545.5	5.0043e-06
7636.4	4.8526e-06
7727.3	5.132e-06
7818.2	5.1698e-06
7909.1	5.0139e-06
8000	4.7224e-06
8090.9	4.9505e-06
8181.8	4.8335e-06
8272.7	5.1039e-06
8363.6	4.9404e-06
8454.5	5.0117e-06
8545.5	4.9571e-06
8636.4	4.9744e-06
8727.3	5.0127e-06
8818.2	5.2116e-06
8909.1	5.1116e-06
9000	4.9626e-06
9090.9	4.9571e-06
9181.8	4.8164e-06
9272.7	4.8957e-06
9363.6	4.8919e-06
9454.5	5.0081e-06
9545.5	5.141e-06
9636.4	5.341e-06
9727.3	5.0402e-06
9818.2	4.8019e-06
9909.1	5.0698e-06
10000	4.8605e-06
10000	4.6651e-06
10909	4.7557e-06
11818	4.9678e-06
12727	4.9578e-06
13636	5.0089e-06
14545	5.0572e-06
15455	4.9641e-06
16364	5.1224e-06
17273	5.0247e-06
18182	5.0372e-06
19091	5.1583e-06
20000	5.0315e-06
20909	4.8186e-06
21818	4.9426e-06
22727	4.8518e-06
23636	5.0419e-06
24545	4.8092e-06
25455	5.2032e-06
26364	5.0112e-06
27273	4.8653e-06
28182	4.9364e-06
29091	5.2226e-06
30000	5.0551e-06
30909	5.2829e-06
31818	5.1427e-06
32727	5.0054e-06
33636	5.041e-06
34545	5.1725e-06
35455	5.0708e-06
36364	5.3577e-06
37273	5.1485e-06
38182	5.2872e-06
39091	5.1989e-06
40000	5.0807e-06
40909	4.7895e-06
41818	5.1536e-06
42727	5.3316e-06
43636	4.9304e-06
44545	4.9216e-06
45455	5.1534e-06
46364	5.2924e-06
47273	5.1205e-06
48182	4.9935e-06
49091	4.671e-06
50000	4.9211e-06
50909	5.0931e-06
51818	5.1706e-06
52727	5.1246e-06
53636	5.1954e-06
54545	4.8817e-06
55455	5.177e-06
56364	5.1535e-06
57273	5.4691e-06
58182	5.2463e-06
59091	5.3272e-06
60000	5.1132e-06
60909	4.7392e-06
61818	5.1391e-06
62727	4.7647e-06
63636	5.2597e-06
64545	5.2213e-06
65455	5.2166e-06
66364	4.6358e-06
67273	4.8964e-06
68182	5.0475e-06
69091	5.0372e-06
70000	5.1231e-06
70909	5.2028e-06
71818	5.0378e-06
72727	5.1235e-06
73636	5.2653e-06
74545	5.0885e-06
75455	5.1468e-06
76364	4.8329e-06
77273	5.0289e-06
78182	4.8657e-06
79091	4.9908e-06
80000	5.2915e-06
80909	5.0669e-06
81818	5.0388e-06
82727	4.9174e-06
83636	5.13e-06
84545	4.9613e-06
85455	5.1294e-06
86364	4.9922e-06
87273	5.1342e-06
88182	5.3185e-06
89091	5.3189e-06
90000	5.2523e-06
90909	4.9243e-06
91818	5.1272e-06
92727	5.0751e-06
93636	4.9173e-06
94545	4.901e-06
95455	5.2052e-06
96364	5.4668e-06
97273	5.2913e-06
98182	5.2209e-06
99091	5.1212e-06
1e+05	5.1354e-06
