1000	2.5801e-06
1090.9	2.7961e-06
1181.8	2.6744e-06
1272.7	2.639e-06
1363.6	2.7605e-06
1454.5	2.6913e-06
1545.5	2.6912e-06
1636.4	2.5925e-06
1727.3	2.7954e-06
1818.2	2.839e-06
1909.1	2.6933e-06
2000	2.6935e-06
2090.9	2.8282e-06
2181.8	2.6747e-06
2272.7	2.7146e-06
2363.6	2.616e-06
2454.5	2.6337e-06
2545.5	2.733e-06
2636.4	2.7698e-06
2727.3	2.8041e-06
2818.2	2.8008e-06
2909.1	2.7314e-06
3000	2.8402e-06
3090.9	2.7966e-06
3181.8	2.6434e-06
3272.7	2.6805e-06
3363.6	2.743e-06
3454.5	2.6555e-06
3545.5	2.7459e-06
3636.4	2.6993e-06
3727.3	2.7256e-06
3818.2	2.7114e-06
3909.1	2.6138e-06
4000	2.7199e-06
4090.9	2.6437e-06
4181.8	2.7022e-06
4272.7	2.6979e-06
4363.6	2.8357e-06
4454.5	2.7504e-06
4545.5	2.6126e-06
4636.4	2.6622e-06
4727.3	2.5419e-06
4818.2	2.8927e-06
4909.1	2.886e-06
5000	2.7545e-06
5090.9	2.7279e-06
5181.8	2.7178e-06
5272.7	2.6672e-06
5363.6	2.6947e-06
5454.5	2.7241e-06
5545.5	2.8609e-06
5636.4	2.6395e-06
5727.3	2.7115e-06
5818.2	2.6942e-06
5909.1	2.6957e-06
6000	2.7629e-06
6090.9	2.6984e-06
6181.8	2.7344e-06
6272.7	2.656e-06
6363.6	2.7008e-06
6454.5	2.6375e-06
6545.5	2.7846e-06
6636.4	2.6591e-06
6727.3	2.5855e-06
6818.2	2.6508e-06
6909.1	2.5611e-06
7000	2.8022e-06
7090.9	2.6558e-06
7181.8	2.7813e-06
7272.7	2.6311e-06
7363.6	2.7857e-06
7454.5	2.6012e-06
7545.5	2.5887e-06
7636.4	2.6966e-06
7727.3	2.672e-06
7818.2	2.6402e-06
7909.1	2.6929e-06
8000	2.7114e-06
8090.9	2.637e-06
8181.8	2.8784e-06
8272.7	2.8669e-06
8363.6	2.7061e-06
8454.5	2.7415e-06
8545.5	2.7557e-06
8636.4	2.6227e-06
8727.3	2.7923e-06
8818.2	2.7673e-06
8909.1	2.6016e-06
9000	2.7345e-06
9090.9	2.758e-06
9181.8	2.652e-06
9272.7	2.5578e-06
9363.6	2.6004e-06
9454.5	2.7278e-06
9545.5	2.8316e-06
9636.4	2.6761e-06
9727.3	2.6765e-06
9818.2	2.7787e-06
9909.1	2.7841e-06
10000	2.7029e-06
10000	2.6836e-06
10909	2.7532e-06
11818	2.54e-06
12727	2.5972e-06
13636	2.5673e-06
14545	2.649e-06
15455	2.6947e-06
16364	2.6795e-06
17273	2.6609e-06
18182	2.7644e-06
19091	2.9573e-06
20000	2.9036e-06
20909	2.672e-06
21818	2.7135e-06
22727	2.7311e-06
23636	2.7935e-06
24545	2.7552e-06
25455	2.7783e-06
26364	2.7941e-06
27273	2.6062e-06
28182	2.6635e-06
29091	2.7876e-06
30000	2.7123e-06
30909	2.5818e-06
31818	2.805e-06
32727	2.7236e-06
33636	2.7999e-06
34545	2.7101e-06
35455	2.6038e-06
36364	2.6789e-06
37273	2.612e-06
38182	2.8164e-06
39091	2.6112e-06
40000	2.5881e-06
40909	2.6066e-06
41818	2.684e-06
42727	2.6671e-06
43636	2.7823e-06
44545	2.6782e-06
45455	2.8744e-06
46364	2.8604e-06
47273	2.7312e-06
48182	2.6852e-06
49091	2.7927e-06
50000	2.7592e-06
50909	2.814e-06
51818	2.822e-06
52727	2.8125e-06
53636	2.746e-06
54545	2.8357e-06
55455	2.6874e-06
56364	2.83e-06
57273	2.7588e-06
58182	2.7829e-06
59091	2.7047e-06
60000	2.5808e-06
60909	2.812e-06
61818	2.7926e-06
62727	2.702e-06
63636	2.7652e-06
64545	2.8289e-06
65455	2.7e-06
66364	2.6143e-06
67273	2.7537e-06
68182	2.7145e-06
69091	2.7747e-06
70000	2.8378e-06
70909	2.8085e-06
71818	2.6478e-06
72727	2.7166e-06
73636	2.8374e-06
74545	2.7044e-06
75455	2.7939e-06
76364	2.6617e-06
77273	2.6998e-06
78182	2.8296e-06
79091	2.9029e-06
80000	2.7745e-06
80909	2.7683e-06
81818	2.8666e-06
82727	2.783e-06
83636	2.8752e-06
84545	2.7546e-06
85455	2.774e-06
86364	2.7882e-06
87273	2.8286e-06
88182	2.8269e-06
89091	2.6719e-06
90000	2.6707e-06
90909	2.7312e-06
91818	2.7873e-06
92727	2.7123e-06
93636	2.7838e-06
94545	2.622e-06
95455	2.7051e-06
96364	2.6273e-06
97273	2.7387e-06
98182	2.7584e-06
99091	2.8401e-06
1e+05	2.8447e-06
