1000	3.239e-06
1090.9	3.4255e-06
1181.8	3.2971e-06
1272.7	3.2941e-06
1363.6	3.3553e-06
1454.5	3.262e-06
1545.5	3.2402e-06
1636.4	3.2439e-06
1727.3	3.3368e-06
1818.2	3.3555e-06
1909.1	3.1623e-06
2000	3.281e-06
2090.9	3.3297e-06
2181.8	3.5163e-06
2272.7	3.1882e-06
2363.6	3.3766e-06
2454.5	3.3721e-06
2545.5	3.309e-06
2636.4	3.2866e-06
2727.3	3.1414e-06
2818.2	3.3982e-06
2909.1	3.191e-06
3000	3.3014e-06
3090.9	3.2212e-06
3181.8	3.2601e-06
3272.7	3.248e-06
3363.6	3.3896e-06
3454.5	3.3205e-06
3545.5	3.4132e-06
3636.4	3.3175e-06
3727.3	3.3315e-06
3818.2	3.3121e-06
3909.1	3.2308e-06
4000	3.1834e-06
4090.9	3.427e-06
4181.8	3.2893e-06
4272.7	3.3143e-06
4363.6	3.2629e-06
4454.5	3.4329e-06
4545.5	3.4052e-06
4636.4	3.3057e-06
4727.3	3.3051e-06
4818.2	3.6117e-06
4909.1	3.4909e-06
5000	3.3756e-06
5090.9	3.2308e-06
5181.8	3.2892e-06
5272.7	3.3154e-06
5363.6	3.203e-06
5454.5	3.4548e-06
5545.5	3.2834e-06
5636.4	3.3835e-06
5727.3	3.3685e-06
5818.2	3.3169e-06
5909.1	3.2634e-06
6000	3.4965e-06
6090.9	3.2921e-06
6181.8	3.253e-06
6272.7	3.2024e-06
6363.6	3.3097e-06
6454.5	3.4063e-06
6545.5	3.2312e-06
6636.4	3.3683e-06
6727.3	3.3248e-06
6818.2	3.4273e-06
6909.1	3.3078e-06
7000	3.3595e-06
7090.9	3.2571e-06
7181.8	3.5051e-06
7272.7	3.2815e-06
7363.6	3.3952e-06
7454.5	3.2961e-06
7545.5	3.2622e-06
7636.4	3.1525e-06
7727.3	3.3525e-06
7818.2	3.3464e-06
7909.1	3.2688e-06
8000	3.3251e-06
8090.9	3.161e-06
8181.8	3.1868e-06
8272.7	3.3748e-06
8363.6	3.4517e-06
8454.5	3.3099e-06
8545.5	3.3154e-06
8636.4	3.1847e-06
8727.3	3.4188e-06
8818.2	3.3137e-06
8909.1	3.1123e-06
9000	3.1799e-06
9090.9	3.234e-06
9181.8	3.4792e-06
9272.7	3.311e-06
9363.6	3.3699e-06
9454.5	3.3872e-06
9545.5	3.3921e-06
9636.4	3.2629e-06
9727.3	3.3441e-06
9818.2	3.2505e-06
9909.1	3.2499e-06
10000	3.1557e-06
10000	3.3443e-06
10909	3.4627e-06
11818	3.3274e-06
12727	3.321e-06
13636	3.1698e-06
14545	3.3839e-06
15455	3.2702e-06
16364	3.3032e-06
17273	3.4078e-06
18182	3.4271e-06
19091	3.3454e-06
20000	3.2508e-06
20909	3.3706e-06
21818	3.0867e-06
22727	3.3026e-06
23636	3.3159e-06
24545	3.3066e-06
25455	3.4112e-06
26364	3.4725e-06
27273	3.2242e-06
28182	3.4419e-06
29091	3.3784e-06
30000	3.3633e-06
30909	3.2668e-06
31818	3.3805e-06
32727	3.3974e-06
33636	3.2364e-06
34545	3.3833e-06
35455	3.2481e-06
36364	3.2625e-06
37273	3.433e-06
38182	3.4671e-06
39091	3.5891e-06
40000	3.3086e-06
40909	3.3587e-06
41818	3.5248e-06
42727	3.4798e-06
43636	3.4729e-06
44545	3.416e-06
45455	3.1914e-06
46364	3.3444e-06
47273	3.3805e-06
48182	3.2544e-06
49091	3.3302e-06
50000	3.4712e-06
50909	3.4287e-06
51818	3.4935e-06
52727	3.3511e-06
53636	3.3396e-06
54545	3.2753e-06
55455	3.3918e-06
56364	3.4536e-06
57273	3.4351e-06
58182	3.4606e-06
59091	3.5554e-06
60000	3.3614e-06
60909	3.3856e-06
61818	3.4608e-06
62727	3.3901e-06
63636	3.2866e-06
64545	3.4396e-06
65455	3.2542e-06
66364	3.2622e-06
67273	3.5294e-06
68182	3.3736e-06
69091	3.4161e-06
70000	3.3176e-06
70909	3.5348e-06
71818	3.546e-06
72727	3.4286e-06
73636	3.4841e-06
74545	3.3889e-06
75455	3.3833e-06
76364	3.298e-06
77273	3.4295e-06
78182	3.4673e-06
79091	3.4037e-06
80000	3.3167e-06
80909	3.3226e-06
81818	3.3671e-06
82727	3.5292e-06
83636	3.4522e-06
84545	3.2464e-06
85455	3.2894e-06
86364	3.5433e-06
87273	3.2822e-06
88182	3.3944e-06
89091	3.4443e-06
90000	3.3605e-06
90909	3.2011e-06
91818	3.3143e-06
92727	3.4134e-06
93636	3.3808e-06
94545	3.455e-06
95455	3.4901e-06
96364	3.3167e-06
97273	3.5501e-06
98182	3.6192e-06
99091	3.4135e-06
1e+05	3.6158e-06
