100	1.1199e-07
109.09	1.0984e-07
118.18	1.0652e-07
127.27	1.121e-07
136.36	1.0901e-07
145.46	1.0531e-07
154.54	1.0626e-07
163.64	9.8396e-08
172.73	1.0501e-07
181.82	9.8381e-08
190.91	9.8752e-08
200	1.0194e-07
209.09	1.0012e-07
218.18	9.2611e-08
227.27	9.9772e-08
236.36	9.6613e-08
245.46	9.8814e-08
254.54	1.0186e-07
263.64	9.4956e-08
272.73	1.0016e-07
281.82	9.9545e-08
290.91	9.5938e-08
300	9.8001e-08
309.09	9.735e-08
318.18	9.8431e-08
327.27	9.6521e-08
336.36	9.8505e-08
345.45	9.3109e-08
354.55	9.1215e-08
363.64	9.3598e-08
372.73	9.7998e-08
381.82	9.4336e-08
390.91	8.9674e-08
400	1.0122e-07
409.09	9.7853e-08
418.18	1.0105e-07
427.27	9.5955e-08
436.36	9.8678e-08
445.45	9.7275e-08
454.55	9.6401e-08
463.64	9.2514e-08
472.73	9.2199e-08
481.82	9.8111e-08
490.91	9.2427e-08
500	9.6124e-08
509.09	9.7824e-08
518.18	9.524e-08
527.27	9.6092e-08
536.36	9.8959e-08
545.46	9.6237e-08
554.54	9.0532e-08
563.64	9.448e-08
572.73	9.7871e-08
581.82	9.5921e-08
590.91	9.8997e-08
600	9.3295e-08
609.09	9.4824e-08
618.18	9.4599e-08
627.27	9.3966e-08
636.36	9.1471e-08
645.46	9.7068e-08
654.54	1.0132e-07
663.64	1.035e-07
672.73	9.4235e-08
681.82	9.5039e-08
690.91	8.9978e-08
700	9.1064e-08
709.09	9.0855e-08
718.18	9.4629e-08
727.27	9.4767e-08
736.36	9.5293e-08
745.46	9.9752e-08
754.54	1.0106e-07
763.64	9.2507e-08
772.73	9.4765e-08
781.82	9.3645e-08
790.91	9.6238e-08
800	9.5057e-08
809.09	9.5181e-08
818.18	9.2622e-08
827.27	9.1255e-08
836.36	9.6472e-08
845.46	9.31e-08
854.54	9.2351e-08
863.64	9.2922e-08
872.73	9.5782e-08
881.82	8.9967e-08
890.91	9.2591e-08
900	9.3045e-08
909.09	9.0294e-08
918.18	9.3434e-08
927.27	9.3689e-08
936.36	9.14e-08
945.46	9.351e-08
954.54	9.4618e-08
963.64	8.9094e-08
972.73	9.1193e-08
981.82	8.8303e-08
990.91	9.5742e-08
1000	9.4814e-08
1000	9.737e-08
1090.9	9.2136e-08
1181.8	9.1543e-08
1272.7	8.9719e-08
1363.6	9.1601e-08
1454.5	8.9304e-08
1545.5	9.0779e-08
1636.4	8.9235e-08
1727.3	8.8538e-08
1818.2	8.6398e-08
1909.1	8.8258e-08
2000	9.0112e-08
2090.9	8.8748e-08
2181.8	8.8508e-08
2272.7	8.2417e-08
2363.6	7.9263e-08
2454.5	8.038e-08
2545.5	8.565e-08
2636.4	8.4732e-08
2727.3	8.1502e-08
2818.2	7.8817e-08
2909.1	7.878e-08
3000	7.7614e-08
3090.9	8.146e-08
3181.8	7.6564e-08
3272.7	7.5619e-08
3363.6	7.0899e-08
3454.5	7.2202e-08
3545.5	7.7692e-08
3636.4	7.3609e-08
3727.3	7.2946e-08
3818.2	7.0269e-08
3909.1	7.0608e-08
4000	6.8941e-08
4090.9	7.3476e-08
4181.8	7.0608e-08
4272.7	6.9917e-08
4363.6	6.7126e-08
4454.5	7.1386e-08
4545.5	6.6769e-08
4636.4	6.4469e-08
4727.3	6.4176e-08
4818.2	6.57e-08
4909.1	6.6022e-08
5000	6.1073e-08
5090.9	6.1316e-08
5181.8	6.238e-08
5272.7	6.3657e-08
5363.6	6.0801e-08
5454.5	5.9171e-08
5545.5	6.4596e-08
5636.4	6.1652e-08
5727.3	5.9901e-08
5818.2	6.2379e-08
5909.1	5.908e-08
6000	5.9605e-08
6090.9	5.7422e-08
6181.8	5.5597e-08
6272.7	5.467e-08
6363.6	5.7085e-08
6454.5	5.2903e-08
6545.5	5.2378e-08
6636.4	4.9768e-08
6727.3	5.1572e-08
6818.2	5.301e-08
6909.1	5.216e-08
7000	5.0617e-08
7090.9	5.044e-08
7181.8	5.2627e-08
7272.7	4.9606e-08
7363.6	4.8299e-08
7454.5	5.2863e-08
7545.5	5.0807e-08
7636.4	5.0526e-08
7727.3	5.0195e-08
7818.2	4.8792e-08
7909.1	4.9843e-08
8000	4.8499e-08
8090.9	4.8376e-08
8181.8	4.7451e-08
8272.7	4.6755e-08
8363.6	4.7052e-08
8454.5	4.7048e-08
8545.5	4.8189e-08
8636.4	4.6044e-08
8727.3	4.5122e-08
8818.2	4.7958e-08
8909.1	4.3833e-08
9000	4.4582e-08
9090.9	4.2868e-08
9181.8	4.4718e-08
9272.7	4.5204e-08
9363.6	4.4171e-08
9454.5	4.4599e-08
9545.5	4.2993e-08
9636.4	4.3106e-08
9727.3	4.3485e-08
9818.2	4.4583e-08
9909.1	4.2914e-08
10000	4.1566e-08
10000	4.0828e-08
10909	3.748e-08
11818	3.6826e-08
12727	3.5397e-08
13636	3.5563e-08
14545	3.2338e-08
15455	3.2345e-08
16364	3.0776e-08
17273	2.9647e-08
18182	2.8936e-08
19091	2.9124e-08
20000	2.6175e-08
20909	2.5425e-08
21818	2.6261e-08
22727	2.6318e-08
23636	2.4347e-08
24545	2.3228e-08
25455	2.3552e-08
26364	2.2679e-08
27273	2.2438e-08
28182	2.2048e-08
29091	2.1919e-08
30000	2.0755e-08
30909	2.0559e-08
31818	1.9938e-08
32727	2.0215e-08
33636	2.0076e-08
34545	1.926e-08
35455	2.0701e-08
36364	1.939e-08
37273	1.9529e-08
38182	1.9503e-08
39091	2.4902e-08
40000	3.0319e-08
40909	1.9028e-08
41818	1.7753e-08
42727	1.8342e-08
43636	1.7589e-08
44545	1.8575e-08
45455	1.8584e-08
46364	1.7991e-08
47273	1.7313e-08
48182	1.8505e-08
49091	1.6861e-08
50000	1.7632e-08
50909	1.788e-08
51818	1.6574e-08
52727	1.751e-08
53636	1.6139e-08
54545	1.6949e-08
55455	1.7034e-08
56364	1.6735e-08
57273	1.6863e-08
58182	1.7019e-08
59091	1.6944e-08
60000	1.7038e-08
60909	1.616e-08
61818	1.5346e-08
62727	1.6936e-08
63636	1.6976e-08
64545	1.6659e-08
65455	1.6822e-08
66364	1.6566e-08
67273	1.6448e-08
68182	1.6023e-08
69091	1.7067e-08
70000	1.6268e-08
70909	1.5799e-08
71818	1.5513e-08
72727	1.5995e-08
73636	1.5822e-08
74545	1.6635e-08
75455	1.6109e-08
76364	1.6229e-08
77273	1.5529e-08
78182	1.5604e-08
79091	3.5086e-08
80000	1.6331e-08
80909	1.6103e-08
81818	1.576e-08
82727	1.6003e-08
83636	1.6066e-08
84545	1.6518e-08
85455	1.606e-08
86364	1.539e-08
87273	1.5989e-08
88182	1.6181e-08
89091	1.6309e-08
90000	1.5569e-08
90909	1.5344e-08
91818	1.5308e-08
92727	1.614e-08
93636	1.4948e-08
94545	1.575e-08
95455	1.5423e-08
96364	1.5379e-08
97273	1.5162e-08
98182	1.5995e-08
99091	1.4984e-08
1e+05	1.5467e-08
1e+05	1.5894e-08
1.0909e+05	1.6337e-08
1.1818e+05	1.6332e-08
1.2727e+05	1.5593e-08
1.3636e+05	1.5215e-08
1.4545e+05	1.5772e-08
1.5455e+05	1.5204e-08
1.6364e+05	1.5431e-08
1.7273e+05	1.5333e-08
1.8182e+05	1.478e-08
1.9091e+05	1.5584e-08
2e+05	1.4946e-08
2.0909e+05	1.435e-08
2.1818e+05	1.5164e-08
2.2727e+05	1.387e-08
2.3636e+05	1.4044e-08
2.4545e+05	1.371e-08
2.5455e+05	1.3366e-08
2.6364e+05	1.3877e-08
2.7273e+05	1.3333e-08
2.8182e+05	1.4111e-08
2.9091e+05	1.3424e-08
3e+05	1.4247e-08
3.0909e+05	1.3791e-08
3.1818e+05	1.3072e-08
3.2727e+05	1.3224e-08
3.3636e+05	1.2978e-08
3.4545e+05	1.3329e-08
3.5455e+05	1.3317e-08
3.6364e+05	1.3598e-08
3.7273e+05	1.3163e-08
3.8182e+05	1.322e-08
3.9091e+05	1.2979e-08
4e+05	1.3165e-08
4.0909e+05	1.2687e-08
4.1818e+05	1.2736e-08
4.2727e+05	1.3353e-08
4.3636e+05	1.3194e-08
4.4545e+05	1.2582e-08
4.5455e+05	1.3282e-08
4.6364e+05	1.3188e-08
4.7273e+05	1.3234e-08
4.8182e+05	1.3299e-08
4.9091e+05	1.3153e-08
5e+05	1.3624e-08
5.0909e+05	1.3415e-08
5.1818e+05	1.2852e-08
5.2727e+05	1.2653e-08
5.3636e+05	1.287e-08
5.4545e+05	1.3478e-08
5.5455e+05	1.3616e-08
5.6364e+05	1.4045e-08
5.7273e+05	1.3633e-08
5.8182e+05	1.3092e-08
5.9091e+05	1.3717e-08
6e+05	1.3546e-08
6.0909e+05	1.2777e-08
6.1818e+05	1.2696e-08
6.2727e+05	1.2243e-08
6.3636e+05	1.3427e-08
6.4545e+05	1.3414e-08
6.5455e+05	1.2679e-08
6.6364e+05	1.2834e-08
6.7273e+05	1.3161e-08
6.8182e+05	1.3556e-08
6.9091e+05	1.3357e-08
7e+05	1.3204e-08
7.0909e+05	1.3807e-08
7.1818e+05	1.3343e-08
7.2727e+05	1.2862e-08
7.3636e+05	1.2681e-08
7.4545e+05	1.3098e-08
7.5455e+05	1.334e-08
7.6364e+05	1.3673e-08
7.7273e+05	1.2918e-08
7.8182e+05	1.3203e-08
7.9091e+05	1.2812e-08
8e+05	1.3493e-08
8.0909e+05	1.376e-08
8.1818e+05	1.2953e-08
8.2727e+05	1.3236e-08
8.3636e+05	1.3438e-08
8.4545e+05	1.2799e-08
8.5455e+05	1.2975e-08
8.6364e+05	1.2842e-08
8.7273e+05	1.2153e-08
8.8182e+05	1.3184e-08
8.9091e+05	1.242e-08
9e+05	1.2828e-08
9.0909e+05	1.2604e-08
9.1818e+05	1.2827e-08
9.2727e+05	1.3103e-08
9.3636e+05	1.3129e-08
9.4545e+05	1.2917e-08
9.5455e+05	1.3826e-08
9.6364e+05	1.3592e-08
9.7273e+05	1.3232e-08
9.8182e+05	1.2809e-08
9.9091e+05	1.3309e-08
1e+06	1.3045e-08
1e+06	1.342e-08
1.0909e+06	1.4001e-08
1.1818e+06	1.3565e-08
1.2727e+06	1.3073e-08
1.3636e+06	1.3201e-08
1.4545e+06	1.2827e-08
1.5455e+06	1.295e-08
1.6364e+06	1.272e-08
1.7273e+06	1.278e-08
1.8182e+06	1.325e-08
1.9091e+06	1.28e-08
2e+06	1.3306e-08
2.0909e+06	1.3291e-08
2.1818e+06	1.2979e-08
2.2727e+06	1.3326e-08
2.3636e+06	1.2868e-08
2.4545e+06	1.2755e-08
2.5455e+06	1.2649e-08
2.6364e+06	1.2966e-08
2.7273e+06	1.2146e-08
2.8182e+06	1.209e-08
2.9091e+06	1.2421e-08
3e+06	1.4153e-08
3.0909e+06	1.3651e-08
3.1818e+06	1.2937e-08
3.2727e+06	1.3369e-08
3.3636e+06	1.307e-08
3.4545e+06	1.3858e-08
3.5455e+06	1.3142e-08
3.6364e+06	1.3259e-08
3.7273e+06	1.3671e-08
3.8182e+06	1.2839e-08
3.9091e+06	1.3639e-08
4e+06	1.328e-08
4.0909e+06	1.3559e-08
4.1818e+06	1.3333e-08
4.2727e+06	1.3719e-08
4.3636e+06	1.324e-08
4.4545e+06	1.3332e-08
4.5455e+06	1.2683e-08
4.6364e+06	1.2945e-08
4.7273e+06	1.3536e-08
4.8182e+06	1.2868e-08
4.9091e+06	1.4254e-08
5e+06	1.431e-08
5.0909e+06	1.3596e-08
5.1818e+06	1.3224e-08
5.2727e+06	1.2857e-08
5.3636e+06	1.3398e-08
5.4545e+06	1.3307e-08
5.5455e+06	1.3196e-08
5.6364e+06	1.3047e-08
5.7273e+06	1.3625e-08
5.8182e+06	1.3328e-08
5.9091e+06	1.3214e-08
6e+06	1.346e-08
6.0909e+06	1.2846e-08
6.1818e+06	1.3312e-08
6.2727e+06	1.2231e-08
6.3636e+06	1.3291e-08
6.4545e+06	1.2883e-08
6.5455e+06	1.287e-08
6.6364e+06	1.3162e-08
6.7273e+06	1.3139e-08
6.8182e+06	1.2698e-08
6.9091e+06	1.301e-08
7e+06	1.2468e-08
7.0909e+06	1.2961e-08
7.1818e+06	1.3439e-08
7.2727e+06	1.3696e-08
7.3636e+06	1.2747e-08
7.4545e+06	1.2724e-08
7.5455e+06	1.2711e-08
7.6364e+06	1.242e-08
7.7273e+06	1.2844e-08
7.8182e+06	1.2871e-08
7.9091e+06	1.2802e-08
8e+06	1.3191e-08
8.0909e+06	1.2904e-08
8.1818e+06	1.1904e-08
8.2727e+06	1.1668e-08
8.3636e+06	1.2355e-08
8.4545e+06	1.245e-08
8.5455e+06	1.2665e-08
8.6364e+06	1.2464e-08
8.7273e+06	1.2307e-08
8.8182e+06	1.3415e-08
8.9091e+06	1.2586e-08
9e+06	1.3424e-08
9.0909e+06	1.2926e-08
9.1818e+06	1.3038e-08
9.2727e+06	1.2772e-08
9.3636e+06	1.304e-08
9.4545e+06	1.2568e-08
9.5455e+06	1.2429e-08
9.6364e+06	1.2266e-08
9.7273e+06	1.248e-08
9.8182e+06	1.227e-08
9.9091e+06	1.249e-08
1e+07	1.29e-08
